AAAA: 1 2 3 4
AAAC: 4 5 6 7
AAAG: 4 8 9 10
AAAT: 4 11 12 13
AACA: 3 14 15 16
AACC: 7 16 17 18
AACG: 10 16 19 20
AACT: 13 16 21 22
AAGA: 3 23 24 25
AAGC: 7 25 26 27
AAGG: 10 25 28 29
AAGT: 13 25 30 31
AATA: 3 32 33 34
AATC: 7 34 35 36
AATG: 10 34 37 38
AATT: 13 34 39 40
ACAA: 2 41 42 43
ACAC: 6 43 44 45
ACAG: 9 43 46 47
ACAT: 12 43 48 49
ACCA: 15 42 50 51
ACCC: 18 45 51 52
ACCG: 20 47 51 53
ACCT: 22 49 51 54
ACGA: 24 42 55 56
ACGC: 27 45 56 57
ACGG: 29 47 56 58
ACGT: 31 49 56 59
ACTA: 33 42 60 61
ACTC: 36 45 61 62
ACTG: 38 47 61 63
ACTT: 40 49 61 64
AGAA: 2 65 66 67
AGAC: 6 67 68 69
AGAG: 9 67 70 71
AGAT: 12 67 72 73
AGCA: 15 66 74 75
AGCC: 18 69 75 76
AGCG: 20 71 75 77
AGCT: 22 73 75 78
AGGA: 24 66 79 80
AGGC: 27 69 80 81
AGGG: 29 71 80 82
AGGT: 31 73 80 83
AGTA: 33 66 84 85
AGTC: 36 69 85 86
AGTG: 38 71 85 87
AGTT: 40 73 85 88
ATAA: 2 89 90 91
ATAC: 6 91 92 93
ATAG: 9 91 94 95
ATAT: 12 91 96 97
ATCA: 15 90 98 99
ATCC: 18 93 99 100
ATCG: 20 95 99 101
ATCT: 22 97 99 102
ATGA: 24 90 103 104
ATGC: 27 93 104 105
ATGG: 29 95 104 106
ATGT: 31 97 104 107
ATTA: 33 90 108 109
ATTC: 36 93 109 110
ATTG: 38 95 109 111
ATTT: 40 97 109 112
CAAA: 1 113 114 115
CAAC: 5 115 116 117
CAAG: 8 115 118 119
CAAT: 11 115 120 121
CACA: 14 114 122 123
CACC: 17 117 123 124
CACG: 19 119 123 125
CACT: 21 121 123 126
CAGA: 23 114 127 128
CAGC: 26 117 128 129
CAGG: 28 119 128 130
CAGT: 30 121 128 131
CATA: 32 114 132 133
CATC: 35 117 133 134
CATG: 37 119 133 135
CATT: 39 121 133 136
CCAA: 41 113 137 138
CCAC: 44 116 138 139
CCAG: 46 118 138 140
CCAT: 48 120 138 141
CCCA: 50 122 137 142
CCCC: 52 124 139 142
CCCG: 53 125 140 142
CCCT: 54 126 141 142
CCGA: 55 127 137 143
CCGC: 57 129 139 143
CCGG: 58 130 140 143
CCGT: 59 131 141 143
CCTA: 60 132 137 144
CCTC: 62 134 139 144
CCTG: 63 135 140 144
CCTT: 64 136 141 144
CGAA: 65 113 145 146
CGAC: 68 116 146 147
CGAG: 70 118 146 148
CGAT: 72 120 146 149
CGCA: 74 122 145 150
CGCC: 76 124 147 150
CGCG: 77 125 148 150
CGCT: 78 126 149 150
CGGA: 79 127 145 151
CGGC: 81 129 147 151
CGGG: 82 130 148 151
CGGT: 83 131 149 151
CGTA: 84 132 145 152
CGTC: 86 134 147 152
CGTG: 87 135 148 152
CGTT: 88 136 149 152
CTAA: 89 113 153 154
CTAC: 92 116 154 155
CTAG: 94 118 154 156
CTAT: 96 120 154 157
CTCA: 98 122 153 158
CTCC: 100 124 155 158
CTCG: 101 125 156 158
CTCT: 102 126 157 158
CTGA: 103 127 153 159
CTGC: 105 129 155 159
CTGG: 106 130 156 159
CTGT: 107 131 157 159
CTTA: 108 132 153 160
CTTC: 110 134 155 160
CTTG: 111 135 156 160
CTTT: 112 136 157 160
GAAA: 1 161 162 163
GAAC: 5 163 164 165
GAAG: 8 163 166 167
GAAT: 11 163 168 169
GACA: 14 162 170 171
GACC: 17 165 171 172
GACG: 19 167 171 173
GACT: 21 169 171 174
GAGA: 23 162 175 176
GAGC: 26 165 176 177
GAGG: 28 167 176 178
GAGT: 30 169 176 179
GATA: 32 162 180 181
GATC: 35 165 181 182
GATG: 37 167 181 183
GATT: 39 169 181 184
GCAA: 41 161 185 186
GCAC: 44 164 186 187
GCAG: 46 166 186 188
GCAT: 48 168 186 189
GCCA: 50 170 185 190
GCCC: 52 172 187 190
GCCG: 53 173 188 190
GCCT: 54 174 189 190
GCGA: 55 175 185 191
GCGC: 57 177 187 191
GCGG: 58 178 188 191
GCGT: 59 179 189 191
GCTA: 60 180 185 192
GCTC: 62 182 187 192
GCTG: 63 183 188 192
GCTT: 64 184 189 192
GGAA: 65 161 193 194
GGAC: 68 164 194 195
GGAG: 70 166 194 196
GGAT: 72 168 194 197
GGCA: 74 170 193 198
GGCC: 76 172 195 198
GGCG: 77 173 196 198
GGCT: 78 174 197 198
GGGA: 79 175 193 199
GGGC: 81 177 195 199
GGGG: 82 178 196 199
GGGT: 83 179 197 199
GGTA: 84 180 193 200
GGTC: 86 182 195 200
GGTG: 87 183 196 200
GGTT: 88 184 197 200
GTAA: 89 161 201 202
GTAC: 92 164 202 203
GTAG: 94 166 202 204
GTAT: 96 168 202 205
GTCA: 98 170 201 206
GTCC: 100 172 203 206
GTCG: 101 173 204 206
GTCT: 102 174 205 206
GTGA: 103 175 201 207
GTGC: 105 177 203 207
GTGG: 106 178 204 207
GTGT: 107 179 205 207
GTTA: 108 180 201 208
GTTC: 110 182 203 208
GTTG: 111 183 204 208
GTTT: 112 184 205 208
TAAA: 1 209 210 211
TAAC: 5 211 212 213
TAAG: 8 211 214 215
TAAT: 11 211 216 217
TACA: 14 210 218 219
TACC: 17 213 219 220
TACG: 19 215 219 221
TACT: 21 217 219 222
TAGA: 23 210 223 224
TAGC: 26 213 224 225
TAGG: 28 215 224 226
TAGT: 30 217 224 227
TATA: 32 210 228 229
TATC: 35 213 229 230
TATG: 37 215 229 231
TATT: 39 217 229 232
TCAA: 41 209 233 234
TCAC: 44 212 234 235
TCAG: 46 214 234 236
TCAT: 48 216 234 237
TCCA: 50 218 233 238
TCCC: 52 220 235 238
TCCG: 53 221 236 238
TCCT: 54 222 237 238
TCGA: 55 223 233 239
TCGC: 57 225 235 239
TCGG: 58 226 236 239
TCGT: 59 227 237 239
TCTA: 60 228 233 240
TCTC: 62 230 235 240
TCTG: 63 231 236 240
TCTT: 64 232 237 240
TGAA: 65 209 241 242
TGAC: 68 212 242 243
TGAG: 70 214 242 244
TGAT: 72 216 242 245
TGCA: 74 218 241 246
TGCC: 76 220 243 246
TGCG: 77 221 244 246
TGCT: 78 222 245 246
TGGA: 79 223 241 247
TGGC: 81 225 243 247
TGGG: 82 226 244 247
TGGT: 83 227 245 247
TGTA: 84 228 241 248
TGTC: 86 230 243 248
TGTG: 87 231 244 248
TGTT: 88 232 245 248
TTAA: 89 209 249 250
TTAC: 92 212 250 251
TTAG: 94 214 250 252
TTAT: 96 216 250 253
TTCA: 98 218 249 254
TTCC: 100 220 251 254
TTCG: 101 221 252 254
TTCT: 102 222 253 254
TTGA: 103 223 249 255
TTGC: 105 225 251 255
TTGG: 106 226 252 255
TTGT: 107 227 253 255
TTTA: 108 228 249 256
TTTC: 110 230 251 256
TTTG: 111 231 252 256
TTTT: 112 232 253 256
